11111100000000010000000100010011
00000010000100010010111000100011
00000010100000010010110000100011
00000100000000010000010000010011
11111110000001000010011000100011
00000110000000000000000001101111
11111110000001000010010000100011
00000100000000000000000001101111
11111110110001000010011100000011
11111110100001000010011110000011
00000010111101110000011010110011
11111110110001000010011110000011
00000000001001111001011100010011
11111110100001000010011110000011
00000000111101110000011110110011
00000000000000000101011100110111
00000000000001110000011100010011
00000000001001111001011110010011
00000000111101110000011110110011
00000000110101111010000000100011
11111110100001000010011110000011
00000000000101111000011110010011
11111110111101000010010000100011
11111110100001000010011100000011
00000000001100000000011110010011
11111010111001111111111011100011
11111110110001000010011110000011
00000000000101111000011110010011
11111110111101000010011000100011
11111110110001000010011100000011
00000000001100000000011110010011
11111000111001111111111011100011
11111110000001000010001000100011
00000110000000000000000001101111
11111110000001000010000000100011
00000100000000000000000001101111
11111110010001000010011100000011
11111110000001000010011110000011
00000010111101110000011010110011
11111110010001000010011110000011
00000000001001111001011100010011
11111110000001000010011110000011
00000000111101110000011110110011
00000000000000000101011100110111
00000100000001110000011100010011
00000000001001111001011110010011
00000000111101110000011110110011
00000000110101111010000000100011
11111110000001000010011110000011
00000000000101111000011110010011
11111110111101000010000000100011
11111110000001000010011100000011
00000000001100000000011110010011
11111010111001111111111011100011
11111110010001000010011110000011
00000000000101111000011110010011
11111110111101000010001000100011
11111110010001000010011100000011
00000000001100000000011110010011
11111000111001111111111011100011
11111100000001000010111000100011
00000101010000000000000001101111
11111100000001000010110000100011
00000011010000000000000001101111
11111101110001000010011110000011
00000000001001111001011100010011
11111101100001000010011110000011
00000000111101110000011110110011
00000000000000000101011100110111
00001000000001110000011100010011
00000000001001111001011110010011
00000000111101110000011110110011
00000000000001111010000000100011
11111101100001000010011110000011
00000000000101111000011110010011
11111100111101000010110000100011
11111101100001000010011100000011
00000000001100000000011110010011
11111100111001111111010011100011
11111101110001000010011110000011
00000000000101111000011110010011
11111100111101000010111000100011
11111101110001000010011100000011
00000000001100000000011110010011
11111010111001111111010011100011
11111100000001000010101000100011
00001110100000000000000001101111
11111100000001000010100000100011
00001100100000000000000001101111
11111100000001000010011000100011
00001010100000000000000001101111
11111101010001000010011110000011
00000000001001111001011100010011
11111101000001000010011110000011
00000000111101110000011110110011
00000000000000000101011100110111
00001000000001110000011100010011
00000000001001111001011110010011
00000000111101110000011110110011
00000000000001111010011010000011
11111101010001000010011110000011
00000000001001111001011100010011
11111100110001000010011110000011
00000000111101110000011110110011
00000000000000000101011100110111
00000000000001110000011100010011
00000000001001111001011110010011
00000000111101110000011110110011
00000000000001111010011100000011
11111100110001000010011110000011
00000000001001111001011000010011
11111101000001000010011110000011
00000000111101100000011110110011
00000000000000000101011000110111
00000100000001100000011000010011
00000000001001111001011110010011
00000000111101100000011110110011
00000000000001111010011110000011
00000010111101110000011100110011
11111101010001000010011110000011
00000000001001111001011000010011
11111101000001000010011110000011
00000000111101100000011110110011
00000000111001101000011100110011
00000000000000000101011010110111
00001000000001101000011010010011
00000000001001111001011110010011
00000000111101101000011110110011
00000000111001111010000000100011
11111100110001000010011110000011
00000000000101111000011110010011
11111100111101000010011000100011
11111100110001000010011100000011
00000000001100000000011110010011
11110100111001111111101011100011
11111101000001000010011110000011
00000000000101111000011110010011
11111100111101000010100000100011
11111101000001000010011100000011
00000000001100000000011110010011
11110010111001111111101011100011
11111101010001000010011110000011
00000000000101111000011110010011
11111100111101000010101000100011
11111101010001000010011100000011
00000000001100000000011110010011
11110000111001111111101011100011
00000000000000000000000001101111
